01 -1.04
02 -1.65
03 -1.11
04 -0.38
05 -0.74
06 -1.18
07 -0.26
08 -0.48
09 0.00
10 -0.99
11 -0.15
12 0.92
13 -1.04
14 0.60
15 0.66
16 -0.72
17 -0.48
18 1.24
19 -0.30
20 0.85
21 1.89
22 1.90
23 0.60
24 1.59
25 1.30
26 2.30
27 0.92
28 0.08
29 0.77
30 0.54
31 0.64
32 0.34
33 0.35
34 1.96
35 2.25
36 2.85
37 2.33
38 2.34
39 2.17
40 2.06
41 1.92
42 1.66
43 1.51
44 1.43
45 1.68
46 1.20
47 2.00
48 2.29
49 1.21
50 2.31
51 1.43
52 1.17
53 1.34
54 1.34
55 2.37
56 2.14
57 2.00
58 1.70
59 1.74
60 2.00
61 1.66
62 1.91
63 1.56
64 1.85
65 -0.15
66 1.06
67 1.03
68 1.21
69 1.02
70 1.06
71 0.76
72 2.15
73 1.70
74 2.66
75 0.65
76 1.46
77 0.07
78 0.04
