01 6.87
02 7.70
03 8.74
04 8.74
05 6.68
06 7.47
07 8.09
08 8.07
09 8.51
10 8.42
11 7.04
12 8.92
13 8.32
14 8.03
15 7.74
16 7.03
17 7.89
18 6.46
19 7.40
20 6.41
21 6.49
22 8.46
23 6.34
24 7.68
25 8.82
26 7.85
27 6.42
28 7.12
29 7.77
30 8.13
31 8.29
32 7.31
33 8.08
34 7.61
35 8.80
36 8.39
37 7.72
38 7.55
39 7.15
40 8.46
41 8.40
42 8.54
43 7.43
44 7.14
45 6.82
46 7.38
47 8.19
48 7.72
49 8.19
50 7.21
51 8.52
52 8.60
53 8.38
54 8.57
55 7.80
56 7.82
57 7.60
58 8.49
59 8.60
60 7.34
61 8.49
62 8.85
63 8.11
64 8.47
65 8.48
66 8.51
67 8.00
68 8.40
69 8.20
70 8.54
71 8.21
72 8.64
73 8.28
74 6.59
75 8.46
76 8.62
77 7.19
78 7.44
79 7.37
80 7.62
81 8.28
82 7.02
83 8.44
84 7.85
85 7.72
86 8.13
87 8.46
88 7.96
89 7.89
90 7.96
91 8.40
92 8.28
93 6.38
94 8.55
95 7.40
96 7.80
97 8.40
98 8.37
